 1.00000000e+01
 0.00000000e+00 4.30000000e+01 8.22000000e+01 1.19000000e+01 2.12000000e+01 8.01000000e+01 7.79000000e+01 3.98000000e+01 3.59000000e+01 9.02000000e+01
 4.30000000e+01 0.00000000e+00 4.00000000e+01 5.41000000e+01 5.97000000e+01 3.76000000e+01 3.54000000e+01 4.27000000e+01 9.00000000e+00 4.79000000e+01
 8.22000000e+01 4.00000000e+01 0.00000000e+00 9.25000000e+01 9.97000000e+01 3.40000000e+00 1.95000000e+01 7.79000000e+01 4.63000000e+01 2.40000000e+01
 1.19000000e+01 5.41000000e+01 9.25000000e+01 0.00000000e+00 2.05000000e+01 9.06000000e+01 8.92000000e+01 4.98000000e+01 4.64000000e+01 1.01700000e+02
 2.12000000e+01 5.97000000e+01 9.97000000e+01 2.05000000e+01 0.00000000e+00 9.73000000e+01 9.25000000e+01 3.90000000e+01 5.42000000e+01 1.04300000e+02
 8.01000000e+01 3.76000000e+01 3.40000000e+00 9.06000000e+01 9.73000000e+01 0.00000000e+00 1.64000000e+01 7.47000000e+01 4.42000000e+01 2.21000000e+01
 7.79000000e+01 3.54000000e+01 1.95000000e+01 8.92000000e+01 9.25000000e+01 1.64000000e+01 0.00000000e+00 6.46000000e+01 4.39000000e+01 1.25000000e+01
 3.98000000e+01 4.27000000e+01 7.79000000e+01 4.98000000e+01 3.90000000e+01 7.47000000e+01 6.46000000e+01 0.00000000e+00 4.35000000e+01 7.45000000e+01
 3.59000000e+01 9.00000000e+00 4.63000000e+01 4.64000000e+01 5.42000000e+01 4.42000000e+01 4.39000000e+01 4.35000000e+01 0.00000000e+00 5.64000000e+01
 9.02000000e+01 4.79000000e+01 2.40000000e+01 1.01700000e+02 1.04300000e+02 2.21000000e+01 1.25000000e+01 7.45000000e+01 5.64000000e+01 0.00000000e+00
