 1.00000000e+01
 0.00000000e+00 5.87000000e+01 1.13500000e+02 9.75000000e+01 2.11000000e+01 9.26000000e+01 8.17000000e+01 7.06000000e+01 5.47000000e+01 8.85000000e+01
 5.87000000e+01 0.00000000e+00 8.89000000e+01 8.30000000e+01 6.60000000e+01 5.47000000e+01 9.47000000e+01 4.50000000e+01 4.63000000e+01 3.76000000e+01
 1.13500000e+02 8.89000000e+01 0.00000000e+00 2.07000000e+01 1.01100000e+02 3.68000000e+01 6.23000000e+01 4.64000000e+01 5.89000000e+01 6.15000000e+01
 9.75000000e+01 8.30000000e+01 2.07000000e+01 0.00000000e+00 8.32000000e+01 4.01000000e+01 4.20000000e+01 3.80000000e+01 4.47000000e+01 6.38000000e+01
 2.11000000e+01 6.60000000e+01 1.01100000e+02 8.32000000e+01 0.00000000e+00 8.66000000e+01 6.18000000e+01 6.33000000e+01 4.51000000e+01 8.83000000e+01
 9.26000000e+01 5.47000000e+01 3.68000000e+01 4.01000000e+01 8.66000000e+01 0.00000000e+00 7.34000000e+01 2.34000000e+01 4.19000000e+01 2.49000000e+01
 8.17000000e+01 9.47000000e+01 6.23000000e+01 4.20000000e+01 6.18000000e+01 7.34000000e+01 0.00000000e+00 5.77000000e+01 4.85000000e+01 9.15000000e+01
 7.06000000e+01 4.50000000e+01 4.64000000e+01 3.80000000e+01 6.33000000e+01 2.34000000e+01 5.77000000e+01 0.00000000e+00 1.85000000e+01 3.41000000e+01
 5.47000000e+01 4.63000000e+01 5.89000000e+01 4.47000000e+01 4.51000000e+01 4.19000000e+01 4.85000000e+01 1.85000000e+01 0.00000000e+00 4.92000000e+01
 8.85000000e+01 3.76000000e+01 6.15000000e+01 6.38000000e+01 8.83000000e+01 2.49000000e+01 9.15000000e+01 3.41000000e+01 4.92000000e+01 0.00000000e+00
