 1.00000000e+01
 0.00000000e+00 3.44000000e+01 5.37000000e+01 7.63000000e+01 2.64000000e+01 3.69000000e+01 7.37000000e+01 2.54000000e+01 4.27000000e+01 5.73000000e+01
 3.44000000e+01 0.00000000e+00 7.64000000e+01 1.10600000e+02 4.47000000e+01 6.61000000e+01 1.00500000e+02 5.96000000e+01 6.73000000e+01 7.68000000e+01
 5.37000000e+01 7.64000000e+01 0.00000000e+00 7.48000000e+01 3.17000000e+01 7.28000000e+01 2.56000000e+01 5.24000000e+01 1.11000000e+01 8.30000000e+00
 7.63000000e+01 1.10600000e+02 7.48000000e+01 0.00000000e+00 8.19000000e+01 5.22000000e+01 6.73000000e+01 5.10000000e+01 7.02000000e+01 8.31000000e+01
 2.64000000e+01 4.47000000e+01 3.17000000e+01 8.19000000e+01 0.00000000e+00 5.77000000e+01 5.59000000e+01 3.93000000e+01 2.27000000e+01 3.31000000e+01
 3.69000000e+01 6.61000000e+01 7.28000000e+01 5.22000000e+01 5.77000000e+01 0.00000000e+00 8.30000000e+01 2.05000000e+01 6.25000000e+01 7.95000000e+01
 7.37000000e+01 1.00500000e+02 2.56000000e+01 6.73000000e+01 5.59000000e+01 8.30000000e+01 0.00000000e+00 6.44000000e+01 3.32000000e+01 2.99000000e+01
 2.54000000e+01 5.96000000e+01 5.24000000e+01 5.10000000e+01 3.93000000e+01 2.05000000e+01 6.44000000e+01 0.00000000e+00 4.20000000e+01 5.90000000e+01
 4.27000000e+01 6.73000000e+01 1.11000000e+01 7.02000000e+01 2.27000000e+01 6.25000000e+01 3.32000000e+01 4.20000000e+01 0.00000000e+00 1.70000000e+01
 5.73000000e+01 7.68000000e+01 8.30000000e+00 8.31000000e+01 3.31000000e+01 7.95000000e+01 2.99000000e+01 5.90000000e+01 1.70000000e+01 0.00000000e+00
