 1.00000000e+01
 0.00000000e+00 4.81000000e+01 5.25000000e+01 6.05000000e+01 4.53000000e+01 4.17000000e+01 5.12000000e+01 4.14000000e+01 4.62000000e+01 4.30000000e+01
 4.81000000e+01 0.00000000e+00 5.04000000e+01 3.15000000e+01 3.68000000e+01 4.37000000e+01 7.10000000e+01 1.48000000e+01 8.81000000e+01 2.82000000e+01
 5.25000000e+01 5.04000000e+01 0.00000000e+00 8.08000000e+01 1.36000000e+01 1.09000000e+01 2.80000000e+01 3.58000000e+01 9.75000000e+01 7.10000000e+01
 6.05000000e+01 3.15000000e+01 8.08000000e+01 0.00000000e+00 6.73000000e+01 7.28000000e+01 9.80000000e+01 4.51000000e+01 8.62000000e+01 1.79000000e+01
 4.53000000e+01 3.68000000e+01 1.36000000e+01 6.73000000e+01 0.00000000e+00 9.40000000e+00 3.73000000e+01 2.22000000e+01 9.14000000e+01 5.79000000e+01
 4.17000000e+01 4.37000000e+01 1.09000000e+01 7.28000000e+01 9.40000000e+00 0.00000000e+00 2.83000000e+01 2.89000000e+01 8.70000000e+01 6.16000000e+01
 5.12000000e+01 7.10000000e+01 2.80000000e+01 9.80000000e+01 3.73000000e+01 2.83000000e+01 0.00000000e+00 5.65000000e+01 8.85000000e+01 8.44000000e+01
 4.14000000e+01 1.48000000e+01 3.58000000e+01 4.51000000e+01 2.22000000e+01 2.89000000e+01 5.65000000e+01 0.00000000e+00 8.56000000e+01 3.75000000e+01
 4.62000000e+01 8.81000000e+01 9.75000000e+01 8.62000000e+01 9.14000000e+01 8.70000000e+01 8.85000000e+01 8.56000000e+01 0.00000000e+00 6.97000000e+01
 4.30000000e+01 2.82000000e+01 7.10000000e+01 1.79000000e+01 5.79000000e+01 6.16000000e+01 8.44000000e+01 3.75000000e+01 6.97000000e+01 0.00000000e+00
