 1.00000000e+01
 0.00000000e+00 4.81000000e+01 8.63000000e+01 6.71000000e+01 3.63000000e+01 1.57000000e+01 9.03000000e+01 1.03500000e+02 5.69000000e+01 8.00000000e+01
 4.81000000e+01 0.00000000e+00 7.18000000e+01 3.56000000e+01 1.23000000e+01 4.44000000e+01 1.11800000e+02 1.12600000e+02 3.40000000e+01 6.30000000e+01
 8.63000000e+01 7.18000000e+01 0.00000000e+00 3.86000000e+01 7.58000000e+01 7.10000000e+01 7.08000000e+01 5.46000000e+01 3.79000000e+01 8.80000000e+00
 6.71000000e+01 3.56000000e+01 3.86000000e+01 0.00000000e+00 4.31000000e+01 5.51000000e+01 9.51000000e+01 8.77000000e+01 1.19000000e+01 2.99000000e+01
 3.63000000e+01 1.23000000e+01 7.58000000e+01 4.31000000e+01 0.00000000e+00 3.48000000e+01 1.07400000e+02 1.11400000e+02 3.83000000e+01 6.74000000e+01
 1.57000000e+01 4.44000000e+01 7.10000000e+01 5.51000000e+01 3.48000000e+01 0.00000000e+00 7.83000000e+01 8.90000000e+01 4.41000000e+01 6.49000000e+01
 9.03000000e+01 1.11800000e+02 7.08000000e+01 9.51000000e+01 1.07400000e+02 7.83000000e+01 0.00000000e+00 2.91000000e+01 8.57000000e+01 7.45000000e+01
 1.03500000e+02 1.12600000e+02 5.46000000e+01 8.77000000e+01 1.11400000e+02 8.90000000e+01 2.91000000e+01 0.00000000e+00 8.12000000e+01 6.10000000e+01
 5.69000000e+01 3.40000000e+01 3.79000000e+01 1.19000000e+01 3.83000000e+01 4.41000000e+01 8.57000000e+01 8.12000000e+01 0.00000000e+00 2.93000000e+01
 8.00000000e+01 6.30000000e+01 8.80000000e+00 2.99000000e+01 6.74000000e+01 6.49000000e+01 7.45000000e+01 6.10000000e+01 2.93000000e+01 0.00000000e+00
