 1.00000000e+01
 0.00000000e+00 6.08000000e+01 7.02000000e+01 5.68000000e+01 7.05000000e+01 1.00200000e+02 7.86000000e+01 9.88000000e+01 1.05500000e+02 5.10000000e+01
 6.08000000e+01 0.00000000e+00 2.03000000e+01 4.55000000e+01 6.26000000e+01 4.68000000e+01 2.19000000e+01 4.41000000e+01 5.15000000e+01 6.11000000e+01
 7.02000000e+01 2.03000000e+01 0.00000000e+00 3.49000000e+01 4.87000000e+01 5.79000000e+01 3.50000000e+01 2.86000000e+01 3.55000000e+01 5.39000000e+01
 5.68000000e+01 4.55000000e+01 3.49000000e+01 0.00000000e+00 1.83000000e+01 9.09000000e+01 6.64000000e+01 5.61000000e+01 6.06000000e+01 1.98000000e+01
 7.05000000e+01 6.26000000e+01 4.87000000e+01 1.83000000e+01 0.00000000e+00 1.06400000e+02 8.25000000e+01 6.35000000e+01 6.61000000e+01 2.18000000e+01
 1.00200000e+02 4.68000000e+01 5.79000000e+01 9.09000000e+01 1.06400000e+02 0.00000000e+00 2.48000000e+01 6.00000000e+01 6.54000000e+01 1.07700000e+02
 7.86000000e+01 2.19000000e+01 3.50000000e+01 6.64000000e+01 8.25000000e+01 2.48000000e+01 0.00000000e+00 4.61000000e+01 5.29000000e+01 8.29000000e+01
 9.88000000e+01 4.41000000e+01 2.86000000e+01 5.61000000e+01 6.35000000e+01 6.00000000e+01 4.61000000e+01 0.00000000e+00 7.40000000e+00 7.59000000e+01
 1.05500000e+02 5.15000000e+01 3.55000000e+01 6.06000000e+01 6.61000000e+01 6.54000000e+01 5.29000000e+01 7.40000000e+00 0.00000000e+00 8.01000000e+01
 5.10000000e+01 6.11000000e+01 5.39000000e+01 1.98000000e+01 2.18000000e+01 1.07700000e+02 8.29000000e+01 7.59000000e+01 8.01000000e+01 0.00000000e+00
