 1.00000000e+01
 0.00000000e+00 7.32000000e+01 6.91000000e+01 8.57000000e+01 3.68000000e+01 9.09000000e+01 9.45000000e+01 3.71000000e+01 7.92000000e+01 4.20000000e+01
 7.32000000e+01 0.00000000e+00 2.89000000e+01 2.29000000e+01 4.61000000e+01 1.90000000e+01 3.29000000e+01 4.70000000e+01 8.00000000e+00 5.39000000e+01
 6.91000000e+01 2.89000000e+01 0.00000000e+00 5.17000000e+01 5.64000000e+01 4.43000000e+01 2.68000000e+01 3.32000000e+01 2.67000000e+01 3.49000000e+01
 8.57000000e+01 2.29000000e+01 5.17000000e+01 0.00000000e+00 5.19000000e+01 1.46000000e+01 4.92000000e+01 6.65000000e+01 2.64000000e+01 7.46000000e+01
 3.68000000e+01 4.61000000e+01 5.64000000e+01 5.19000000e+01 0.00000000e+00 6.03000000e+01 7.56000000e+01 3.98000000e+01 5.37000000e+01 4.98000000e+01
 9.09000000e+01 1.90000000e+01 4.43000000e+01 1.46000000e+01 6.03000000e+01 0.00000000e+00 3.60000000e+01 6.60000000e+01 1.76000000e+01 7.27000000e+01
 9.45000000e+01 3.29000000e+01 2.68000000e+01 4.92000000e+01 7.56000000e+01 3.60000000e+01 0.00000000e+00 5.98000000e+01 2.53000000e+01 6.15000000e+01
 3.71000000e+01 4.70000000e+01 3.32000000e+01 6.65000000e+01 3.98000000e+01 6.60000000e+01 5.98000000e+01 0.00000000e+00 5.04000000e+01 1.02000000e+01
 7.92000000e+01 8.00000000e+00 2.67000000e+01 2.64000000e+01 5.37000000e+01 1.76000000e+01 2.53000000e+01 5.04000000e+01 0.00000000e+00 5.61000000e+01
 4.20000000e+01 5.39000000e+01 3.49000000e+01 7.46000000e+01 4.98000000e+01 7.27000000e+01 6.15000000e+01 1.02000000e+01 5.61000000e+01 0.00000000e+00
