 1.00000000e+01
 0.00000000e+00 3.88000000e+01 5.08000000e+01 2.68000000e+01 3.72000000e+01 6.55000000e+01 3.95000000e+01 4.95000000e+01 5.02000000e+01 5.69000000e+01
 3.88000000e+01 0.00000000e+00 1.74000000e+01 1.21000000e+01 6.17000000e+01 1.04300000e+02 6.02000000e+01 7.49000000e+01 7.19000000e+01 9.39000000e+01
 5.08000000e+01 1.74000000e+01 0.00000000e+00 2.67000000e+01 6.41000000e+01 1.15000000e+02 6.11000000e+01 9.15000000e+01 8.89000000e+01 1.01500000e+02
 2.68000000e+01 1.21000000e+01 2.67000000e+01 0.00000000e+00 5.28000000e+01 9.22000000e+01 5.22000000e+01 6.50000000e+01 6.28000000e+01 8.25000000e+01
 3.72000000e+01 6.17000000e+01 6.41000000e+01 5.28000000e+01 0.00000000e+00 6.38000000e+01 5.70000000e+00 8.05000000e+01 8.34000000e+01 4.29000000e+01
 6.55000000e+01 1.04300000e+02 1.15000000e+02 9.22000000e+01 6.38000000e+01 0.00000000e+00 6.95000000e+01 6.34000000e+01 7.05000000e+01 2.48000000e+01
 3.95000000e+01 6.02000000e+01 6.11000000e+01 5.22000000e+01 5.70000000e+00 6.95000000e+01 0.00000000e+00 8.46000000e+01 8.72000000e+01 4.83000000e+01
 4.95000000e+01 7.49000000e+01 9.15000000e+01 6.50000000e+01 8.05000000e+01 6.34000000e+01 8.46000000e+01 0.00000000e+00 7.50000000e+00 7.35000000e+01
 5.02000000e+01 7.19000000e+01 8.89000000e+01 6.28000000e+01 8.34000000e+01 7.05000000e+01 8.72000000e+01 7.50000000e+00 0.00000000e+00 7.96000000e+01
 5.69000000e+01 9.39000000e+01 1.01500000e+02 8.25000000e+01 4.29000000e+01 2.48000000e+01 4.83000000e+01 7.35000000e+01 7.96000000e+01 0.00000000e+00
