 1.00000000e+01
 0.00000000e+00 8.03000000e+01 4.47000000e+01 7.98000000e+01 6.52000000e+01 7.90000000e+00 7.64000000e+01 5.78000000e+01 1.90000000e+01 7.60000000e+01
 8.03000000e+01 0.00000000e+00 3.65000000e+01 5.49000000e+01 4.33000000e+01 8.18000000e+01 4.79000000e+01 9.18000000e+01 7.41000000e+01 3.31000000e+01
 4.47000000e+01 3.65000000e+01 0.00000000e+00 5.99000000e+01 4.25000000e+01 4.75000000e+01 5.35000000e+01 7.27000000e+01 3.78000000e+01 3.55000000e+01
 7.98000000e+01 5.49000000e+01 5.99000000e+01 0.00000000e+00 1.74000000e+01 7.60000000e+01 7.20000000e+00 5.29000000e+01 8.66000000e+01 8.31000000e+01
 6.52000000e+01 4.33000000e+01 4.25000000e+01 1.74000000e+01 0.00000000e+00 6.24000000e+01 1.18000000e+01 5.14000000e+01 7.01000000e+01 6.79000000e+01
 7.90000000e+00 8.18000000e+01 4.75000000e+01 7.60000000e+01 6.24000000e+01 0.00000000e+00 7.32000000e+01 5.03000000e+01 2.66000000e+01 8.05000000e+01
 7.64000000e+01 4.79000000e+01 5.35000000e+01 7.20000000e+00 1.18000000e+01 7.32000000e+01 0.00000000e+00 5.52000000e+01 8.19000000e+01 7.60000000e+01
 5.78000000e+01 9.18000000e+01 7.27000000e+01 5.29000000e+01 5.14000000e+01 5.03000000e+01 5.52000000e+01 0.00000000e+00 7.44000000e+01 1.07300000e+02
 1.90000000e+01 7.41000000e+01 3.78000000e+01 8.66000000e+01 7.01000000e+01 2.66000000e+01 8.19000000e+01 7.44000000e+01 0.00000000e+00 6.27000000e+01
 7.60000000e+01 3.31000000e+01 3.55000000e+01 8.31000000e+01 6.79000000e+01 8.05000000e+01 7.60000000e+01 1.07300000e+02 6.27000000e+01 0.00000000e+00
