 1.00000000e+01
 0.00000000e+00 9.07000000e+01 8.39000000e+01 5.10000000e+01 4.80000000e+01 8.43000000e+01 9.75000000e+01 7.47000000e+01 5.49000000e+01 2.94000000e+01
 9.07000000e+01 0.00000000e+00 2.80000000e+01 4.95000000e+01 6.66000000e+01 7.94000000e+01 1.59000000e+01 3.97000000e+01 4.40000000e+01 6.32000000e+01
 8.39000000e+01 2.80000000e+01 0.00000000e+00 3.40000000e+01 7.59000000e+01 9.86000000e+01 1.99000000e+01 5.93000000e+01 2.93000000e+01 5.45000000e+01
 5.10000000e+01 4.95000000e+01 3.40000000e+01 0.00000000e+00 5.73000000e+01 8.98000000e+01 5.07000000e+01 5.79000000e+01 5.50000000e+00 2.22000000e+01
 4.80000000e+01 6.66000000e+01 7.59000000e+01 5.73000000e+01 0.00000000e+00 3.75000000e+01 7.98000000e+01 3.39000000e+01 5.67000000e+01 4.34000000e+01
 8.43000000e+01 7.94000000e+01 9.86000000e+01 8.98000000e+01 3.75000000e+01 0.00000000e+00 9.50000000e+01 3.99000000e+01 8.77000000e+01 7.98000000e+01
 9.75000000e+01 1.59000000e+01 1.99000000e+01 5.07000000e+01 7.98000000e+01 9.50000000e+01 0.00000000e+00 5.52000000e+01 4.54000000e+01 6.86000000e+01
 7.47000000e+01 3.97000000e+01 5.93000000e+01 5.79000000e+01 3.39000000e+01 3.99000000e+01 5.52000000e+01 0.00000000e+00 5.43000000e+01 5.68000000e+01
 5.49000000e+01 4.40000000e+01 2.93000000e+01 5.50000000e+00 5.67000000e+01 8.77000000e+01 4.54000000e+01 5.43000000e+01 0.00000000e+00 2.56000000e+01
 2.94000000e+01 6.32000000e+01 5.45000000e+01 2.22000000e+01 4.34000000e+01 7.98000000e+01 6.86000000e+01 5.68000000e+01 2.56000000e+01 0.00000000e+00
