 1.00000000e+01
 0.00000000e+00 7.51000000e+01 6.90000000e+01 7.82000000e+01 5.05000000e+01 6.89000000e+01 7.10000000e+01 9.29000000e+01 3.47000000e+01 7.60000000e+01
 7.51000000e+01 0.00000000e+00 3.15000000e+01 5.26000000e+01 2.60000000e+01 6.07000000e+01 5.00000000e+00 1.81000000e+01 5.60000000e+01 1.96000000e+01
 6.90000000e+01 3.15000000e+01 0.00000000e+00 7.94000000e+01 3.79000000e+01 8.34000000e+01 3.28000000e+01 3.93000000e+01 3.82000000e+01 1.44000000e+01
 7.82000000e+01 5.26000000e+01 7.94000000e+01 0.00000000e+00 4.46000000e+01 1.53000000e+01 4.89000000e+01 6.35000000e+01 8.26000000e+01 7.12000000e+01
 5.05000000e+01 2.60000000e+01 3.79000000e+01 4.46000000e+01 0.00000000e+00 4.60000000e+01 2.13000000e+01 4.41000000e+01 4.02000000e+01 3.52000000e+01
 6.89000000e+01 6.07000000e+01 8.34000000e+01 1.53000000e+01 4.60000000e+01 0.00000000e+00 5.63000000e+01 7.42000000e+01 7.94000000e+01 7.75000000e+01
 7.10000000e+01 5.00000000e+00 3.28000000e+01 4.89000000e+01 2.13000000e+01 5.63000000e+01 0.00000000e+00 2.28000000e+01 5.36000000e+01 2.24000000e+01
 9.29000000e+01 1.81000000e+01 3.93000000e+01 6.35000000e+01 4.41000000e+01 7.42000000e+01 2.28000000e+01 0.00000000e+00 7.11000000e+01 2.49000000e+01
 3.47000000e+01 5.60000000e+01 3.82000000e+01 8.26000000e+01 4.02000000e+01 7.94000000e+01 5.36000000e+01 7.11000000e+01 0.00000000e+00 4.90000000e+01
 7.60000000e+01 1.96000000e+01 1.44000000e+01 7.12000000e+01 3.52000000e+01 7.75000000e+01 2.24000000e+01 2.49000000e+01 4.90000000e+01 0.00000000e+00
