 1.00000000e+01
 0.00000000e+00 3.34000000e+01 8.46000000e+01 6.85000000e+01 3.80000000e+01 3.94000000e+01 4.00000000e+01 7.31000000e+01 2.34000000e+01 7.74000000e+01
 3.34000000e+01 0.00000000e+00 7.32000000e+01 5.69000000e+01 6.87000000e+01 5.20000000e+01 5.28000000e+01 6.21000000e+01 3.56000000e+01 6.52000000e+01
 8.46000000e+01 7.32000000e+01 0.00000000e+00 1.66000000e+01 9.22000000e+01 5.53000000e+01 5.52000000e+01 1.16000000e+01 6.25000000e+01 7.90000000e+00
 6.85000000e+01 5.69000000e+01 1.66000000e+01 0.00000000e+00 7.96000000e+01 4.27000000e+01 4.28000000e+01 5.30000000e+00 4.70000000e+01 9.00000000e+00
 3.80000000e+01 6.87000000e+01 9.22000000e+01 7.96000000e+01 0.00000000e+00 3.71000000e+01 3.70000000e+01 8.25000000e+01 3.83000000e+01 8.70000000e+01
 3.94000000e+01 5.20000000e+01 5.53000000e+01 4.27000000e+01 3.71000000e+01 0.00000000e+00 8.00000000e-01 4.55000000e+01 1.79000000e+01 5.00000000e+01
 4.00000000e+01 5.28000000e+01 5.52000000e+01 4.28000000e+01 3.70000000e+01 8.00000000e-01 0.00000000e+00 4.55000000e+01 1.87000000e+01 5.00000000e+01
 7.31000000e+01 6.21000000e+01 1.16000000e+01 5.30000000e+00 8.25000000e+01 4.55000000e+01 4.55000000e+01 0.00000000e+00 5.12000000e+01 4.60000000e+00
 2.34000000e+01 3.56000000e+01 6.25000000e+01 4.70000000e+01 3.83000000e+01 1.79000000e+01 1.87000000e+01 5.12000000e+01 0.00000000e+00 5.57000000e+01
 7.74000000e+01 6.52000000e+01 7.90000000e+00 9.00000000e+00 8.70000000e+01 5.00000000e+01 5.00000000e+01 4.60000000e+00 5.57000000e+01 0.00000000e+00
