 1.00000000e+01
 0.00000000e+00 8.72000000e+01 5.84000000e+01 6.11000000e+01 7.06000000e+01 3.84000000e+01 6.20000000e+01 7.10000000e+01 1.05000000e+01 6.07000000e+01
 8.72000000e+01 0.00000000e+00 6.52000000e+01 3.88000000e+01 3.20000000e+01 4.92000000e+01 2.53000000e+01 2.01000000e+01 8.50000000e+01 6.37000000e+01
 5.84000000e+01 6.52000000e+01 0.00000000e+00 6.96000000e+01 7.33000000e+01 3.95000000e+01 5.13000000e+01 6.27000000e+01 6.47000000e+01 8.81000000e+01
 6.11000000e+01 3.88000000e+01 6.96000000e+01 0.00000000e+00 9.90000000e+00 3.32000000e+01 2.23000000e+01 1.90000000e+01 5.53000000e+01 2.56000000e+01
 7.06000000e+01 3.20000000e+01 7.33000000e+01 9.90000000e+00 0.00000000e+00 4.00000000e+01 2.26000000e+01 1.42000000e+01 6.50000000e+01 3.20000000e+01
 3.84000000e+01 4.92000000e+01 3.95000000e+01 3.32000000e+01 4.00000000e+01 0.00000000e+00 2.47000000e+01 3.53000000e+01 3.81000000e+01 4.86000000e+01
 6.20000000e+01 2.53000000e+01 5.13000000e+01 2.23000000e+01 2.26000000e+01 2.47000000e+01 0.00000000e+00 1.18000000e+01 5.97000000e+01 4.70000000e+01
 7.10000000e+01 2.01000000e+01 6.27000000e+01 1.90000000e+01 1.42000000e+01 3.53000000e+01 1.18000000e+01 0.00000000e+00 6.74000000e+01 4.43000000e+01
 1.05000000e+01 8.50000000e+01 6.47000000e+01 5.53000000e+01 6.50000000e+01 3.81000000e+01 5.97000000e+01 6.74000000e+01 0.00000000e+00 5.16000000e+01
 6.07000000e+01 6.37000000e+01 8.81000000e+01 2.56000000e+01 3.20000000e+01 4.86000000e+01 4.70000000e+01 4.43000000e+01 5.16000000e+01 0.00000000e+00
