 1.00000000e+01
 0.00000000e+00 9.79000000e+01 2.07000000e+01 6.93000000e+01 5.73000000e+01 7.34000000e+01 6.30000000e+01 5.59000000e+01 9.28000000e+01 7.40000000e+00
 9.79000000e+01 0.00000000e+00 1.13200000e+02 4.96000000e+01 7.46000000e+01 3.58000000e+01 3.54000000e+01 6.72000000e+01 2.07000000e+01 1.05300000e+02
 2.07000000e+01 1.13200000e+02 0.00000000e+00 7.73000000e+01 5.90000000e+01 9.20000000e+01 7.77000000e+01 7.65000000e+01 1.05100000e+02 1.67000000e+01
 6.93000000e+01 4.96000000e+01 7.73000000e+01 0.00000000e+00 2.58000000e+01 5.61000000e+01 2.80000000e+01 7.27000000e+01 3.28000000e+01 7.60000000e+01
 5.73000000e+01 7.46000000e+01 5.90000000e+01 2.58000000e+01 0.00000000e+00 7.35000000e+01 4.61000000e+01 8.07000000e+01 5.86000000e+01 6.26000000e+01
 7.34000000e+01 3.58000000e+01 9.20000000e+01 5.61000000e+01 7.35000000e+01 0.00000000e+00 2.84000000e+01 3.17000000e+01 4.67000000e+01 8.04000000e+01
 6.30000000e+01 3.54000000e+01 7.77000000e+01 2.80000000e+01 4.61000000e+01 2.84000000e+01 0.00000000e+00 4.72000000e+01 3.13000000e+01 7.05000000e+01
 5.59000000e+01 6.72000000e+01 7.65000000e+01 7.27000000e+01 8.07000000e+01 3.17000000e+01 4.72000000e+01 0.00000000e+00 7.47000000e+01 6.15000000e+01
 9.28000000e+01 2.07000000e+01 1.05100000e+02 3.28000000e+01 5.86000000e+01 4.67000000e+01 3.13000000e+01 7.47000000e+01 0.00000000e+00 1.00100000e+02
 7.40000000e+00 1.05300000e+02 1.67000000e+01 7.60000000e+01 6.26000000e+01 8.04000000e+01 7.05000000e+01 6.15000000e+01 1.00100000e+02 0.00000000e+00
